MY_ACCOUNT_ID=0.0.14904239

MY_PRIVATE_KEY=3030020100300706052b8104000a04220420c61e9714757089673f419b4da685f1747af0f4f9f1bd43d51d1b091b9bb7e406

MY_AlICE_ID = 0.0.14985180